resolucion 512 512
camara 175 100 175 0 35 0 0.0 1.0 0.0 200
luz 900 900 0 0.7
esfera -313 19 -293 19 0.261 0.027 0.765 1 1 -1 -1 -1 0 NULL
esfera -290 15 -229  15 0.259 0.377 0.707 1 1 -1 -1 -1 0 NULL
esfera -292 18 -183  18 0.084 0.411 0.092 1 1 -1 -1 -1 0 NULL
esfera -290 23 -133  23 0.537 0.823 0.219 1 1 -1 -1 -1 0 NULL
esfera -313 22 -56  22 0.767 0.365 0.04 1 1 -1 -1 -1 0 NULL
esfera -315 17 14  17 0.68 0.081 0.994 1 1 -1 -1 -1 0 NULL
esfera -310 19 67  19 0.681 0.046 0.061 1 1 -1 -1 -1 0 NULL
esfera -315 17 130  17 0.64 0.458 0.583 1 1 -1 -1 -1 0 NULL

esfera -252 18 -315  18 0.464 0.274 0.024 1 1 -1 -1 -1 0 NULL
esfera -256 23 -243  23 0.073 0.827 0.424 1 1 -1 -1 -1 0 NULL
esfera -253 24 -194  24 0.272 0.068 0.088 1 1 -1 -1 -1 0 NULL
esfera -248 23 -134  23 0.797 0.58 0.352 1 1 -1 -1 -1 0 NULL

esfera -247 21 -17  21 0.937 0.264 0.635 1 1 -1 -1 -1 0 NULL

esfera -248 20 90  20 0.169 0.041 0.693 1 1 -1 -1 -1 0 NULL
esfera -261 15 138  15 0.747 0.323 0.118 1 1 -1 -1 -1 0 NULL
esfera -255 24 205  24 0.771 0.818 0.404 1 1 -1 -1 -1 0 NULL
esfera -221 25 -311  25 0.872 0.012 0.181 1 1 -1 -1 -1 0 NULL
esfera -216 20 -223  20 0.051 0.345 0.521 1 1 -1 -1 -1 0 NULL
esfera -218 24 -193  24 0.971 0.328 0.87 1 1 -1 -1 -1 0 NULL


esfera -206 22 -12  22 0.428 0.295 0.142 1 1 -1 -1 -1 0 NULL

esfera -213 19 108  19 0.63 0.175 0.828 1 1 -1 -1 -1 0 NULL
esfera -210 25 184  25 0.384 0.097 0.934 1 1 -1 -1 -1 0 NULL
esfera -135 20 -314  20 0.372 0.501 0.214 1 1 -1 -1 -1 0 NULL
esfera -157 21 -252  21 0.601 0.226 0.442 1 1 -1 -1 -1 0 NULL
esfera -157 20 -206  20 0.023 0.094 0.306 1 1 -1 -1 -1 0 NULL
esfera -152 15 -150  15 0.134 0.206 0.603 1 1 -1 -1 -1 0 NULL
esfera -129 18 -98  18 0.036 0.772 0.54 1 1 -1 -1 -1 0 NULL
esfera -156 17 -16  17 0.621 0.233 0.361 1 1 -1 -1 -1 0 NULL
esfera -145 18 14  18 0.332 0.401 0.462 1 1 -1 -1 -1 0 NULL
esfera -140 18 52  18 0.612 0.87 0.062 1 1 -1 -1 -1 0 NULL
esfera -145 25 128  25 0.206 0.048 0.657 1 1 -1 -1 -1 0 NULL
esfera -147 17 175  17 0.365 0.758 0.096 1 1 -1 -1 -1 0 NULL
esfera -64 23 -310  23 0.256 0.032 0.563 1 1 -1 -1 -1 0 NULL
esfera -64 25 -257  25 0.1 0.665 0.69 1 1 -1 -1 -1 0 NULL
esfera -75 25 -191  25 0.091 0.355 0.67 1 1 -1 -1 -1 0 NULL
esfera -76 22 -131  22 0.14 0.584 0.407 1 1 -1 -1 -1 0 NULL
esfera -71 25 -67  25 0.941 0.317 0.862 1 1 -1 -1 -1 0 NULL
esfera -85 21 -23  21 0.141 0.794 0.74 1 1 -1 -1 -1 0 NULL
esfera -86 25 27  25 0.266 0.714 0.473 1 1 -1 -1 -1 0 NULL
esfera -86 20 100  20 0.651 0.887 0.682 1 1 -1 -1 -1 0 NULL
esfera -68 17 154  17 0.476 0.053 0.815 1 1 -1 -1 -1 0 NULL
esfera -9 25 -307  25 0.269 0.318 0.249 1 1 -1 -1 -1 0 NULL
esfera -33 19 -240  19 0.801 0.434 0.596 1 1 -1 -1 -1 0 NULL
esfera -9 15 -193  15 0.046 0.855 0.568 1 1 -1 -1 -1 0 NULL
esfera -5 19 -126  19 0.533 0.651 0.823 1 1 -1 -1 -1 0 NULL
esfera -16 16 -88  16 0.611 0.522 0.924 1 1 -1 -1 -1 0 NULL
esfera -14 24 -30  24 0.26 0.349 0.58 1 1 -1 -1 -1 0 NULL
esfera -26 19 22  19 0.724 0.9 0.745 1 1 -1 -1 -1 0 NULL
esfera -12 24 70  24 0.142 0.255 0.125 1 1 -1 -1 -1 0 NULL
esfera -26 23 139  23 0.726 0.667 0.353 1 1 -1 -1 -1 0 NULL
esfera 42 21 -312  21 0.39 0.564 0.122 1 1 -1 -1 -1 0 NULL
esfera 46 20 -226  20 0.849 0.923 0.741 1 1 -1 -1 -1 0 NULL





esfera 45 23 32 23 1 0 0 1 1 -1 -1 -1 0 NULL
esfera 41 16 91 16 0.61 0.927 0.288 1 0.2 2 -1 -1 0 NULL
esfera 56 24 125 24 0.728 0.234 0.252 1 1 -1 -1 -1 0 NULL
esfera 48 17 179  17 0.09 0.134 0.602 1 1 -1 -1 -1 0 NULL
esfera 117 24 -300 24 0.389 0.166 0.153 1 1 -1 -1 -1 0 NULL
esfera 123 20 -244 20 0.246 0.113 0.735 1 1 -1 -1 -1 0 NULL
esfera 121 19 -116 19 0.437 0.36 0.501 1 1 -1 -1 -1 0 NULL
esfera 121 24 -66 24 0.344 0.456 0.977 1 1 -1 -1 -1 0 NULL
esfera 102 24 -4 24 0.249 0.832 0.748 1 1 -1 -1 -1 0 NULL
esfera 102 15 68 15 0.331 0.692 0.87 1 1 -1 -1 -1 0 NULL

esfera 124 17 147 17 0.669 0.216 0.07 1 1 -1 -1 -1 0 NULL
esfera 184 25 -306 25 0.846 0.829 0.164 1 1 -1 -1 -1 0 NULL
esfera 181 25 -234 25 0.623 0.362 0.491 1 1 -1 -1 -1 0 NULL

esfera 174 25 -132 25 0.974 0.416 0.034 1 1 -1 -1 -1 0 NULL


esfera 186 20 58 20 0.067 0.958 0.197 1 1 -1 -1 -1 0 NULL
esfera 183 19 100 19 0.525 0.438 0.551 1 1 -1 -1 -1 0 NULL
esfera 180 25 176 25 0.794 0.573 0.707 1 1 -1 -1 -1 0 NULL